8 7 9 4 7 7 7 5 7 7 7 5 8 5 6 7 8 7 6 5 4 
11 9 13 14 11 13 10 14 13 11 12 14 13 13 11 14 12 11 13 14 12 13 
16 12 10 10 12 11 16 17 9 17 15 9 14 13 12 14 15 12 13 13 14 12 
11 14 13 15 18 17 14 16 14 16 15 16 10 17 10 17 14 16 18 13 15 14 
19 18 20 21 23 19 20 21 20 20 16 19 17 22 21 13 18 24 19 18 20 
26 26 22 22 26 20 24 25 26 20 28 23 24 26 23 20 27 27 23 25 26 24 
22 25 25 30 30 24 30 26 29 24 27 27 26 30 29 28 31 26 26 28 30 26 
32 30 27 32 31 28 31 29 23 28 32 31 25 30 31 28 28 33 32 27 32 28 
30 30 34 37 33 27 33 30 31 36 32 34 35 32 37 33 30 31 33 25 32 32 
36 36 38 41 36 42 37 37 31 43 39 38 35 46 38 34 39 37 45 37 35 36 
39 39 37 36 40 40 42 35 38 37 38 31 36 40 40 39 41 34 34 39 37 36 
47 46 39 43 38 38 48 44 39 39 42 45 37 36 41 39 42 41 45 40 35 43 
45 51 50 44 50 45 49 45 39 49 42 41 51 46 50 55 41 49 48 49 42 47 
45 45 51 46 45 46 49 47 46 42 49 50 41 52 53 48 50 45 46 44 48 50 
51 48 53 44 43 50 55 50 47 49 44 51 55 51 50 50 46 52 48 50 50 47 
54 51 56 49 49 52 48 55 57 57 44 57 52 50 56 48 59 57 57 55 44 61 
58 55 53 52 61 43 53 56 56 60 57 51 57 59 54 54 57 56 57 50 55 55 
55 57 54 61 56 62 56 58 60 59 59 66 61 66 66 59 57 63 67 59 53 63 
46 57 59 61 63 65 57 56 63 61 58 61 61 60 55 64 52 61 52 55 61 55 
57 66 69 60 69 67 65 64 65 64 64 68 64 72 66 63 66 68 62 60 65 64 