1 1 2 4 1 4 3 4 6 3 5 4 4 2 4 4 
6 4 2 5 4 5 5 1 4 3 4 4 5 4 
5 6 7 5 6 3 6 4 6 3 4 4 2 7 4 
7 7 5 6 6 8 9 5 5 7 4 2 6 6 5 
4 6 6 7 6 4 4 6 7 5 7 3 4 7 
7 11 12 7 11 9 8 10 6 9 8 11 9 8 6 
15 10 8 8 9 11 9 12 11 9 9 10 7 8 6 
12 11 10 12 10 12 18 14 14 15 15 7 16 14 
14 21 17 10 16 12 16 10 11 17 11 11 14 15 15 
14 18 13 15 14 16 16 12 11 7 18 10 16 14 12 
17 21 18 14 11 12 13 15 14 14 17 16 13 13 
18 14 16 17 22 18 19 18 15 17 14 18 14 14 14 
13 14 19 18 15 24 17 18 17 19 14 20 13 19 15 
20 12 23 15 17 17 19 18 9 18 16 14 20 18 
19 20 20 20 24 24 19 18 23 17 22 24 20 19 20 
21 22 22 20 19 23 25 20 20 19 21 25 25 24 27 
17 20 27 19 19 21 17 26 25 22 26 20 25 15 
26 25 22 20 28 19 29 21 15 29 16 27 22 22 30 
23 26 33 28 24 24 21 30 23 24 25 25 23 25 22 
19 28 37 28 26 21 31 26 25 32 27 31 26 20 